RRT_Star:
sequence1: 0.0149227619171
sequence2: 0.00852847099304
sequence3: 0.0376931190491
sequence4: 0.0639271259308
sequence5: 0.67965183258



Skeleton:
sequence1: 1.847043514251709
sequence2: 1.8700025081634521
sequence3: 1.9059064388275146
sequence4: 1.8729946613311768
sequence5: 1.925872802734375