RRT_Star:
sequence1: 0.00732357501984
sequence2: 0.00898384809494
sequence3: 0.0196332883835
sequence4: 0.048004322052
sequence5: 0.274466145039



Skeleton:
sequence1: 2.069426912
sequence2: 2.08474980116
sequence3: 2.08601303101
sequence4: 2.08632813454
sequence5: 2.1002657032
